,node_name,Count_Jan,Predicted_may,predicted_June,jun_cases,May_cases
0,"Aargau,Switzerland",8,41.72257313340164,307.3131416095124,8,8
1,"Abruzzo,Italy",1,1.1683538597289633,3.0610871124898806,1,1
2,"Abu Dhabi,United Arab Emirates",2,2.3367077194579267,6.122174224979761,2,2
3,"Abuja,Nigeria",168,202.75859688557944,570.8275238402176,417,417
4,"Addis Ababa,Ethiopia",69,83.85399054685533,239.49745523276104,82,82
5,"Adrar,Algeria",3,3.505061579186891,9.18326133746966,3,3
6,"Agder,Norway",11,12.851892457018605,33.67195823738875,11,11
7,"Aguascalientes,Mexico",363,424.11245108161387,1111.1746218338287,363,363
8,"Aichi Prefecture,Japan",98,133.92412360678023,469.68120384976334,98,98
9,"Ain Defla,Algeria",31,36.218969651597874,94.8937004871865,31,31
10,"Ain Temouchent,Algeria",7,8.178477018102747,21.427609787429194,7,7
11,"Akershus,Norway",1,7.643502310842952,59.62597605440856,1,1
12,"Akita,Japan",4,4.673415438915853,12.244348449959523,4,4
13,"Akmola,Kazakhstan",9,10.515184737560672,27.549784012408942,9,9
14,"Aktobe,Kazakhstan",2,2.3367077194579267,6.122174224979761,2,2
15,"Akwa Ibom,Nigeria",16,18.693661755663413,48.97739379983809,19,19
16,"Alabama,United States",250,295.32603915779845,793.5542225934323,250,250
17,"Alagoas,Brazil",3,3.505061579186891,9.18326133746966,3,3
18,"Alaska,United States",35,40.89238509051374,107.13804893714607,35,35
19,"Alberta,Canada",158,204.02535519051793,653.3464305991565,158,158
20,"Alborz,Iran",346,404.25043546622146,1059.1361409215008,346,346
21,"Alentejo,Portugal",5,5.841769298644816,15.305435562449414,5,5
22,"Algarve,Portugal",42,49.07086210861645,128.56565872457494,42,42
23,"Alger,Algiers",181,230.8974939642841,723.7514341864248,181,181
24,"Algiers,Algeria",21,43.960876407650225,233.97749618804383,21,21
25,"Almaty,Kazakhstan",8,9.346830877831707,24.488696899919045,8,8
26,"Alto Parana,Paraguay",12,14.020246316747563,36.73304534987864,12,12
27,"Amhara,Ethiopia",2,2.3367077194579267,6.122174224979761,2,2
28,"Andalusia,Spain",992,1159.007028851132,3036.598415589968,992,992
29,"Anhui,China",1576,1860.751128286186,4993.967956109811,1576,1576
30,"Annaba,Algeria",13,15.188600176476529,39.79413246236851,13,13
31,"Antioquia,Colombia",1,1.1683538597289633,3.0610871124898806,1,1
32,"Antofagasta,Chile",35,40.89238509051374,107.13804893714607,35,35
33,"Aragon,Spain",305,356.3479272173339,933.6315693094137,305,305
34,"Araucania,Chile",302,352.8428656381469,924.448307971944,302,302
35,"Ardebil,Iran",52,60.754400705906114,159.17652984947404,52,52
36,"Arequipa,Peru",2,2.3367077194579267,6.122174224979761,2,2
37,"Arica y Parinacota,Chile",6,7.010123158373782,18.36652267493932,6,6
38,"Arizona,United States",342,402.8145942528633,1075.1742369425026,342,342
39,"Arkansas,United States",199,232.50241808606373,609.1563353854874,199,199
40,"Ashanti Region,Ghana",1,1.1683538597289633,3.0610871124898806,1,1
41,"Asturias,Spain",269,320.7623367182048,879.9973222016966,269,269
42,"Atacama,Chile",2,2.3367077194579267,6.122174224979761,2,2
43,"Attica,Greece",9,10.515184737560672,27.549784012408942,9,9
44,"Atyrau,Kazakhstan",12,14.020246316747563,36.73304534987864,12,12
45,"Auckland,New Zealand",10,11.683538597289632,30.61087112489883,10,10
46,"Auvergne-Rhone-Alpes,France",958,1122.5205718459022,2960.8038982362614,958,958
47,"Aysen,Chile",2,2.3367077194579267,6.122174224979761,2,2
48,"Azores,Portugal",11,12.851892457018605,33.67195823738875,11,11
49,"Azuay,Ecuador",5,5.841769298644816,15.305435562449414,5,5
50,"Baden-Wurttemberg,Germany",325,395.902875539698,1136.265533914007,325,325
51,"Baghdad,Iraq",6,7.010123158373782,18.36652267493932,6,6
52,"Bahia,Brazil",20,26.604651420136296,89.50418672075708,20,20
53,"Baja California Sur,Mexico",510,595.8604684617712,1561.1544273698423,510,510
54,"Baja California,Mexico",1426,1669.3101781990567,4393.39266688152,1426,1426
55,"Bajia,Brazil",1,1.1683538597289633,3.0610871124898806,1,1
56,"Baleares,Spain",9,10.515184737560672,27.549784012408942,9,9
57,"Balearic Islands,Spain",206,240.68089510416647,630.5839451729166,206,206
58,"Bangkok Metropolis,Thailand",8,22.297127780059665,137.61847478375628,8,8
59,"Basel,Switzerland",49,79.91235870561827,347.9703798087202,49,49
60,"Basel-Landschaft,Switzerland",89,123.40893886921953,442.13141983735517,89,89
61,"Basque Country,Spain",939,1103.559422736612,2930.925687569926,939,939
62,"Bauchi,Nigeria",37,43.22909280997167,113.26022316212574,223,223
63,"Bavaria,Germany",2072,2424.0667715839663,6370.854941549987,2072,2072
64,"Bayamión,Puerto Rico",2,15.287004621685904,119.25195210881712,2,2
65,"Beijing,China",572,843.127415945044,3278.1938297760144,572,572
66,"Beirut,Lebanon",6,19.960420060601745,131.49630055877665,6,6
67,"Benue,Nigeria",1,1.1683538597289633,3.0610871124898806,5,5
68,"Berlin,Germany",239,288.9492951518936,816.4471532979627,239,239
69,"Bern,Switzerland",60,89.5266769370796,353.35989357514836,60,60
70,"Biobio,Chile",213,248.85937212226926,652.0115549603458,213,213
71,"Blida,Algeria",4,17.623712341143825,125.37412633379675,4,4
72,"Bouira,Algeria",9,10.515184737560672,27.549784012408942,9,9
73,"Boumerdes,Algeria",16,31.64395865789135,162.10717168367538,16,16
74,"Bourgogne-Franche-Comte,France",796,930.0096723442549,2436.6253415419496,796,796
75,"Brandenburg,Germany",35,47.367533541627814,163.70293787906473,35,35
76,"Bratislavsky,Slovakia",1,1.1683538597289633,3.0610871124898806,1,1
77,"Bremen,Germany",28,32.71390807241099,85.71043914971678,28,28
78,"Bretagne,France",117,143.17255003940252,414.7120811032345,117,117
79,"British Columbia,Canada",313,388.35777767406415,1156.0973775060468,313,313
80,"Brittany,France",144,174.71810425208432,497.36143314046035,144,144
81,"Brussels,Belgium",222,275.5624279876149,820.9735613275507,222,222
82,"Bruxelles-Capitale,Belgium",1,14.118650761956937,116.19086499632715,1,1
83,"Bucharest,Romania",5,5.841769298644816,15.305435562449414,5,5
84,"Buenos Aires,Argentina",250,298.56361338335455,821.83666706439,250,250
85,"Burgenland,Austria",71,82.95312404075642,217.33718498678155,71,71
86,"Busan,South Korea",158,191.07505828828994,540.2166527153192,158,158
87,"Bushehr,Iran",6,7.010123158373782,18.36652267493932,6,6
88,"Buzau,Romania",2,2.3367077194579267,6.122174224979761,2,2
89,"Caaguazu,Paraguay",7,8.178477018102747,21.427609787429194,7,7
90,"Caguas,Puerto Rico",2,21.762153072799887,175.8168410507358,2,2
91,"California,United States",2362,2847.066320769845,7993.913760416997,2362,2362
92,"Campania,Italy",3,3.505061579186891,9.18326133746966,3,3
93,"Campeche,Mexico",97,113.33032439370947,296.9254499115189,97,97
94,"Canary Islands,Spain",223,270.2556333962302,767.4697594981233,223,223
95,"Cantabria,Spain",236,275.73151089603545,722.4165585476128,236,236
96,"Capital Region,Denmark",134,156.5594172036811,410.1856730736444,134,134
97,"Capital Region,Iceland",6,13.485271609487748,74.93141161685786,6,6
98,"Carinthia,Austria",122,142.5391708869336,373.452627723766,122,122
99,"Casablanca-Settat,Morocco",4,4.673415438915853,12.244348449959523,4,4
100,"Castile and Leon,Spain",1002,1177.1657158995365,3123.7741756567857,1002,1002
101,"Castilla y Leon,Spain",29,40.357410383254,145.3364152041253,29,29
102,"Castilla-La Mancha,Spain",27,38.020702663796044,139.21424097914544,27,27
103,"Castilla–La Mancha,Spain",1162,1364.1023334561714,3613.548113655172,1162,1162
104,"Catalonia,Spain",3443,4022.6423390468212,10539.32292830267,3443,3443
105,"Ceara,Brazil",37,43.22909280997167,113.26022316212574,37,37
106,"Cebu,Philippines",2,2.3367077194579267,6.122174224979761,2,2
107,"Central Region,Denmark",34,39.72403123078477,104.07696182465611,34,34
108,"Central,Paraguay",189,224.0564537143309,606.8279087315473,189,189
109,"Central,Russia",189,227.2940279398877,635.1103532025055,189,189
110,"Centre,Burkina Faso",92,107.48855509506463,281.6200143490691,92,92
111,"Centre,Cameroon",19,22.198723334850317,58.16065513730787,19,19
112,"Centre-Val de Loire,France",172,200.95686387338165,526.5069833482597,172,172
113,"Centro,Portugal",238,278.0682186154934,728.5387327725928,238,238
114,"Chaco,Argentina",98,114.4986782534384,299.9865370240085,98,98
115,"Chahar Mahall and Bakhtiari,Iran",18,21.030369475121343,55.099568024817884,18,18
116,"Chernivtsi,Ukraine",2,2.3367077194579267,6.122174224979761,2,2
117,"Chiapas,Mexico",232,274.29566968267676,738.4546545686136,232,232
118,"Chiba Prefecture,Japan",34,52.67432813301269,217.20673970849296,34,34
119,"Chihuahua,Mexico",270,315.4555421268201,826.4935203722678,270,270
120,"Chisinau,Moldova",1,1.1683538597289633,3.0610871124898806,1,1
121,"Chongqing,China",824,969.1987288677817,2578.9006696335855,824,824
122,"Chuquisaca,Bolivia",1,1.1683538597289633,3.0610871124898806,1,1
123,"Ciudad de Buenos Aires,Argentina",335,397.8736914603166,1082.0290716260295,335,335
124,"Coahuila,Mexico",875,1022.3096272628433,2678.4512234286467,875,875
125,"Colima,Chile",28,32.71390807241099,85.71043914971678,28,28
126,"Colima,Mexico",41,47.90250824888749,125.50457161208531,41,41
127,"Colorado,United States",973,1217.7476611552063,3685.498872226638,973,973
128,"Comunidad de Madrid,Spain",474,560.2748779626432,1507.5201802621239,474,474
129,"Connecticut,United States",636,756.023351689848,2059.981181427403,636,636
130,"Cordillera,Paraguay",3,3.505061579186891,9.18326133746966,3,3
131,"Cordoba,Argentina",104,121.50880141181223,318.3530596989481,104,104
132,"Corrientes,Argentina",22,25.70378491403721,67.3439164747775,22,22
133,"Corse,France",64,81.24979547376775,252.47446414127117,64,64
134,"Corsica,France",26,36.85234880406708,136.15315386665569,26,26
135,"Cundinamarca,Colombia",3,3.505061579186891,9.18326133746966,3,3
136,"Daegu,South Korea",5064,5981.295430178613,16066.994027067998,5064,5064
137,"Daejeon,South Korea",20,29.84222564569322,117.78663119171605,20,20
138,"Dakar,Senegal",2,2.3367077194579267,6.122174224979761,2,2
139,"Dalarna,Sweden",15,17.525307895934443,45.91630668734824,15,15
140,"Delaware,United States",95,114.23119089980835,319.08572015749814,95,95
141,"Delhi,India",3689,4316.532536991256,11348.915246917082,29123,27815
142,"District of Columbia,United States",195,253.72959645160424,823.1715427032028,195,195
143,"Distrito Federal,Brazil",230,275.1965361887752,760.6149248145911,230,230
144,"Distrito Federal,Mexico",554,647.2680382898458,1695.842260319394,554,554
145,"Drenthe,Netherlands",61,84.2198823456949,299.8560917457202,61,61
146,"Durango,Mexico",103,120.34044755208323,315.2919725864583,103,103
147,"East Azarbaijan,Iran",130,151.8860017647652,397.9413246236847,130,130
148,"East Kazakhstan,Kazakhstan",2,2.3367077194579267,6.122174224979761,2,2
149,"Eastern Cape,South Africa",2,2.3367077194579267,6.122174224979761,2,2
150,"Edo,Nigeria",44,51.40756982807442,134.687832949555,119,119
151,"Ehime,Japan",4,11.148563890029832,68.80923739187814,4,4
152,"Ekiti,Nigeria",8,9.346830877831707,24.488696899919045,19,19
153,"El Oro,Ecuador",1,1.1683538597289633,3.0610871124898806,1,1
154,"Emilia-Romagna,Italy",89,103.98349351587778,272.4367530115999,89,89
155,"England,United Kingdom",12283,14383.26620130643,37882.15744742277,12283,12283
156,"Entre Rios,Argentina",13,15.188600176476529,39.79413246236851,13,13
157,"Enugu,Nigeria",3,3.505061579186891,9.18326133746966,16,16
158,"Esfahan,Iran",476,556.1364372309868,1457.0774655451855,476,476
159,"Espirito Santo,Brazil",1,1.1683538597289633,3.0610871124898806,1,1
160,"Estado de Mexico,Mexico",2667,3128.9500407993773,8277.049106894381,2667,2667
161,"Extremadura,Spain",235,274.5631570363065,719.3554714351236,235,235
162,"Fajardo,Puerto Rico",1,14.118650761956937,116.19086499632715,1,1
163,"Far Eastern,Russia",3,3.505061579186891,9.18326133746966,3,3
164,"Fars,Iran",136,158.89612492313907,416.30784729862444,136,136
165,"Federal Capital Territory,Nigeria",10,18.158687048403593,87.1757600668173,10,10
166,"Federally Administered Tribal Area,Pakistan",2,2.3367077194579267,6.122174224979761,2,2
167,"Flanders,Belgium",990,1169.620618033904,3143.606019248831,990,990
168,"Flevoland,Netherlands",53,81.34819991897695,331.93228378771937,53,53
169,"Florida,United States",1575,2322.5558886811123,9035.296428344516,1575,1575
170,"Free State,South Africa",18,21.030369475121343,55.099568024817884,18,18
171,"French Guiana,France",4,4.673415438915853,12.244348449959523,4,4
172,"Fribourg,Switzerland",9,29.94063009090265,197.24445083816514,9,9
173,"Friesland,Netherlands",59,68.93287772400886,180.6041396369032,59,59
174,"Fujian,China",516,602.8705916201458,1579.5209500447816,516,516
175,"Gabrovo,Bulgaria",2,2.3367077194579267,6.122174224979761,2,2
176,"Galati,Romania",2,8.811856170571913,62.687063166898376,2,2
177,"Galicia,Spain",550,642.5946228509303,1683.5979118694365,550,550
178,"Gangwon,South Korea",76,101.7451902416294,345.7723984330685,76,76
179,"Gansu,China",186,252.92713439071392,880.4690921036699,186,186
180,"Gauteng,South Africa",302,352.8428656381469,924.448307971944,302,302
181,"Gavleborg,Sweden",10,11.683538597289632,30.61087112489883,10,10
182,"Gelderland,Netherlands",439,519.3824928721289,1400.3821313249778,439,439
183,"Geneva,Switzerland",4,4.673415438915853,12.244348449959523,4,4
184,"Georgia,United States",904,1088.5676314505533,3050.047194400447,904,904
185,"Gifu,Japan",4,4.673415438915853,12.244348449959523,4,4
186,"Gilan,Iran",666,778.1236705794898,2038.684016918261,666,666
187,"Gilgit-Baltistan,Pakistan",4,4.673415438915853,12.244348449959523,4,4
188,"Goias,Brazil",9,10.515184737560672,27.549784012408942,9,9
189,"Golestan,Iran",74,86.45818561994334,226.52044632425148,74,74
190,"Gorj,Romania",2,2.3367077194579267,6.122174224979761,2,2
191,"Grand Est,France",1949,2280.3592468373045,5994.341226713727,1949,1949
192,"Graubuenden,Switzerland",2,2.3367077194579267,6.122174224979761,2,2
193,"Greater Accra Region,Ghana",15,17.525307895934443,45.91630668734824,15,15
194,"Greater Poland,Poland",22,25.70378491403721,67.3439164747775,22,22
195,"Groningen,Netherlands",81,101.11181108916013,304.51294505359954,81,81
196,"Guadeloupe,France",11,12.851892457018605,33.67195823738875,11,11
197,"Guanajuato,Mexico",484,565.4832681088184,1481.5661624451056,484,484
198,"Guangdong,China",2456,2875.9522279454422,7574.5948372170615,2456,2456
199,"Guangxi,China",498,581.8402221450237,1524.4213820199604,498,498
200,"Guatemala City,Guatemala",2,8.811856170571913,62.687063166898376,2,2
201,"Guayas,Ecuadar",4,4.673415438915853,12.244348449959523,4,4
202,"Guayas,Ecuador",72,87.35905212604216,248.68071657023017,72,72
203,"Guerrero,Mexico",295,344.6643886200442,903.0206981845153,295,295
204,"Guizhou,China",180,216.77884320232704,607.5605691900977,180,180
205,"Gwangju,South Korea",16,25.168810206777387,105.54228274175658,16,16
206,"Gyeonggi,South Korea",118,144.34090389913158,417.7731682157241,118,118
207,"HaDarom,Israel",4,17.623712341143825,125.37412633379675,4,4
208,"HaMerkaz,Israel",2,15.287004621685904,119.25195210881712,2,2
209,"Hainan,China",268,319.593982858476,876.9362350892088,268,268
210,"Halland,Sweden",9,10.515184737560672,27.549784012408942,9,9
211,"Hamadan,Iran",32,37.38732351132683,97.95478759967618,32,32
212,"Hamburg,Germany",436,519.1150055184993,1419.481314458469,436,436
213,"Harju,Estonia",1,1.1683538597289633,3.0610871124898806,1,1
214,"Haryana,India",72,90.59662635159945,276.9631610411903,1171,1041
215,"Hauts-de-France,France",859,1003.6159655071797,2629.4738296288106,859,859
216,"Hawaii,United States",89,136.35923577144766,555.2611977211931,89,89
217,"Hebei,China",402,469.6782516110434,1230.5570192209339,402,402
218,"Heilongjiang,China",562,656.6148691676774,1720.3309572193139,562,562
219,"Henan,China",2070,2431.4427865411853,6449.580100737909,2070,2070
220,"Herat,Afghanistan",8,15.821979328945675,81.05358584183769,8,8
221,"Hesse,Germany",275,324.53488565102276,870.0814004056795,275,275
222,"Hidalgo,Mexico",318,371.5365273938103,973.4257017717837,318,318
223,"Hofudborgarsvaedi,Iceland",6,13.485271609487748,74.93141161685786,6,6
224,"Hokkaido,Japan",164,204.56032989777825,615.1480643321786,164,164
225,"Holy Cross,Poland",2,2.3367077194579267,6.122174224979761,2,2
226,"Hong Kong,China",102,138.59753904569604,481.92555229972305,102,102
227,"Hormozgan,Iran",26,30.377200352953057,79.58826492473702,26,26
228,"Hubei,China",20340,23929.43379239047,63704.91653606319,20340,20340
229,"Hunan,China",1768,2068.8871982263627,5440.284459353066,1768,1768
230,"Hyogo,Japan",10,11.683538597289632,30.61087112489883,10,10
231,"Idaho,United States",87,104.88436002197662,294.597023257579,87,87
232,"Ilam,Iran",22,25.70378491403721,67.3439164747775,22,22
233,"Ile-de-France,France",2970,3473.248537620575,9119.71116856591,2970,2970
234,"Illinois,United States",1570,1844.0282824511423,4890.754100021985,1570,1570
235,"Incheon,South Korea",12,20.495394767861523,93.29793429179716,12,12
236,"Indiana,United States",373,448.74628658113073,1254.9152708425634,373,373
237,"Inner Mongolia,China",292,341.1593270408573,893.8374368470456,292,292
238,"Innlandet,Norway",38,44.397446669700635,116.32131027461574,38,38
239,"Iowa,United States",128,149.5492940453073,391.8191503987047,128,128
240,"Ishikawa,Japan",8,9.346830877831707,24.488696899919045,8,8
241,"Jalisco,Mexico",975,1139.1450132357395,2984.559934677637,975,975
242,"Jambyl,Kazakhstan",3,3.505061579186891,9.18326133746966,3,3
243,"Jamtland,Sweden",15,17.525307895934443,45.91630668734824,15,15
244,"Jeju,South Korea",8,35.24742468228765,250.7482526675935,8,8
245,"Jeollabuk-do,South Korea",2,2.3367077194579267,6.122174224979761,2,2
246,"Jiangsu,China",982,1147.3234902538425,3005.98754446507,982,982
247,"Jiangxi,China",1610,1894.0000110658623,5041.480028992562,1610,1610
248,"Jilin,China",200,269.2840884269196,923.3243116785286,200,200
249,"Johor,Malaysia",4,4.673415438915853,12.244348449959523,4,4
250,"Jonkoping,Sweden",13,15.188600176476529,39.79413246236851,13,13
251,"Jujuy,Argentina",3,3.505061579186891,9.18326133746966,3,3
252,"Jura,Switzerland",27,50.97099956602401,252.3440188629831,27,27
253,"Kaduna,Nigeria",35,40.89238509051374,107.13804893714607,152,152
254,"Kalmar,Sweden",7,8.178477018102747,21.427609787429194,7,7
255,"Kanagawa Prefecture,Japan",1130,1333.1901583959589,3572.158214997406,1130,1130
256,"Kansas,United States",107,147.67688256989794,525.5134323331328,107,107
257,"Karbala,Iraq",2,2.3367077194579267,6.122174224979761,2,2
258,"Kedah,Malaysia",2,2.3367077194579267,6.122174224979761,2,2
259,"Kentucky,United States",167,195.115094574737,511.2015477858106,167,167
260,"Kerala,India",1,1.1683538597289633,3.0610871124898806,8,8
261,"Kerman,Iran",36,42.06073895024269,110.19913604963577,36,36
262,"Kermanshah,Iran",44,51.40756982807442,134.687832949555,44,44
263,"Khanh Hoa,Vietnam",6,7.010123158373782,18.36652267493932,6,6
264,"Khuzestan,Iran",126,147.21258632584943,385.69697617372566,126,126
265,"Kinshasa,Democratic Republic of the Congo",59,68.93287772400886,180.6041396369032,59,59
266,"Kirkuk,Iraq",8,9.346830877831707,24.488696899919045,8,8
267,"Kochi,Japan",4,4.673415438915853,12.244348449959523,4,4
268,"Kohgiluyeh and Buyer Ahmad,Iran",4,4.673415438915853,12.244348449959523,4,4
269,"Kordestan,Iran",36,42.06073895024269,110.19913604963577,36,36
270,"Kumamoto,Japan",8,9.346830877831707,24.488696899919045,8,8
271,"Kuyavia-Pomerania,Poland",7,8.178477018102747,21.427609787429194,7,7
272,"Kwara,Nigeria",11,12.851892457018605,33.67195823738875,65,65
273,"Kwazulu-Natal,South Africa",81,94.63666263804605,247.94805611168064,81,81
274,"Kyoto Prefecture,Japan",7,8.178477018102747,21.427609787429194,7,7
275,"Kyzylorda,Kazakhstan",5,5.841769298644816,15.305435562449414,5,5
276,"La Pampa,Argentina",3,3.505061579186891,9.18326133746966,3,3
277,"La Reunion,France",33,38.55567737105579,101.0158747121661,33,33
278,"La Rioja,Spain",293,342.3276809005865,896.8985239595366,293,293
279,"Lagos,Nigeria",970,1133.303243937095,2969.2544991151863,2750,2750
280,"Lapland,Finland",1,1.1683538597289633,3.0610871124898806,1,1
281,"Lazio,Italy",2,2.3367077194579267,6.122174224979761,2,2
282,"Lesser Poland,Poland",19,22.198723334850317,58.16065513730787,19,19
283,"Liaoning,China",482,569.6217088404752,1532.0088771620442,482,482
284,"Liguria,Italy",19,22.198723334850317,58.16065513730787,19,19
285,"Limburg,Netherlands",487,568.9883296880054,1490.7494237825733,487,487
286,"Limpopo,South Africa",4,4.673415438915853,12.244348449959523,4,4
287,"Lisboa,Portugal",1,7.643502310842952,59.62597605440856,1,1
288,"Lisbon,Portugal",736,866.3835892116322,2309.5250037344754,736,736
289,"Lodz,Poland",54,63.09110842536403,165.29870407445375,54,54
290,"Lombardia,Italy",364,467.36926987358396,1481.9074870687898,364,364
291,"Lorestan,Iran",60,70.10123158373777,183.66522674939296,60,60
292,"Los Lagos,Chile",150,175.25307895934452,459.1630668734829,150,150
293,"Los Rios,Chile",58,67.76452386427987,177.54305252441318,58,58
294,"Louisiana,United States",1469,1726.0245426185168,4581.584301660516,1469,1469
295,"Lower Austria,Austria",564,665.4267253382508,1783.0180203862171,564,564
296,"Lower Saxony,Germany",469,547.9579602128838,1435.649855757756,469,469
297,"Lower Silesia,Poland",43,50.23921596834541,131.62674583706493,43,43
298,"Lublin,Poland",20,23.367077194579263,61.22174224979766,20,20
299,"Lubusz,Poland",8,9.346830877831707,24.488696899919045,8,8
300,"Lucerne,Switzerland",1,40.01924456641288,342.4504207640018,1,1
301,"Macau,China",20,36.317374096807185,174.3515201336346,20,20
302,"Macedonia,Greece",2,2.3367077194579267,6.122174224979761,2,2
303,"Madeira,Portugal",9,10.515184737560672,27.549784012408942,9,9
304,"Madrid,Spain",4314,5053.228847772963,13318.659581165151,4314,4314
305,"Magallanes,Chile",63,73.60629316292471,192.84848808686283,63,63
306,"Maine,United States",130,151.8860017647652,397.9413246236847,130,130
307,"Manabi,Ecuador",1,1.1683538597289633,3.0610871124898806,1,1
308,"Mangystau,Kazakhstan",1,1.1683538597289633,3.0610871124898806,1,1
309,"Maramures,Romania",2,2.3367077194579267,6.122174224979761,2,2
310,"Maranhao,Brazil",4,4.673415438915853,12.244348449959523,4,4
311,"Marche,Italy",3,3.505061579186891,9.18326133746966,3,3
312,"Markazi,Iran",360,420.6073895024269,1101.991360496359,360,360
313,"Martinique,France",21,24.535431054308226,64.28282936228747,21,21
314,"Maryland,United States",371,443.1720046361169,1220.5106521466269,371,371
315,"Masovia,Poland",68,79.44806246156953,208.15392364931222,68,68
316,"Massachusetts,United States",1224,1433.3026985338058,3775.0530701585694,1224,1224
317,"Maule,Chile",58,67.76452386427987,177.54305252441318,58,58
318,"Mayaguez,Puerto Rico",4,4.673415438915853,12.244348449959523,4,4
319,"Mayotte,France",15,17.525307895934443,45.91630668734824,15,15
320,"Maysan,Iraq",2,2.3367077194579267,6.122174224979761,2,2
321,"Mazandaran,Iran",242,282.7416340544092,740.7830812225528,242,242
322,"Mecklenburg-Vorpommern,Germany",12,14.020246316747563,36.73304534987864,12,12
323,"Melilla,Spain",1,1.1683538597289633,3.0610871124898806,1,1
324,"Mendoza,Argentina",24,28.040492633495127,73.46609069975727,24,24
325,"Metro,Puerto Rico",24,47.46593798683713,243.16075752551322,24,24
326,"Metropolitan Region,Chile",186,223.78896636070087,625.9270918650363,186,186
327,"Mexico,Mexico",2,67.0881922305978,571.7710636441664,2,2
328,"Michigan,United States",1253,1463.9473862403906,3835.5421519498236,1253,1253
329,"Michoacan,Mexico",300,350.50615791868904,918.3261337469658,300,300
330,"Mie,Japan",2,2.3367077194579267,6.122174224979761,2,2
331,"Minas Gerais,Brazil",21,24.535431054308226,64.28282936228747,21,21
332,"Minnesota,United States",279,325.9707268643809,854.0433043846781,279,279
333,"Misiones,Argentina",4,4.673415438915853,12.244348449959523,4,4
334,"Misiones,Paraguay",2,2.3367077194579267,6.122174224979761,2,2
335,"Mississippi,United States",326,387.3585067227559,1054.4792876136214,326,326
336,"Missouri,United States",259,302.6036496698014,792.8215621348804,259,259
337,"Miyazaki,Japan",2,2.3367077194579267,6.122174224979761,2,2
338,"Montana,United States",61,71.2695854434668,186.726313861883,61,61
339,"More og Romsdal,Norway",14,16.356954036205494,42.85521957485839,14,14
340,"Morelos,Mexico",210,248.59188476863918,671.1107380938348,210,210
341,"Morona Santiago,Ecuador",1,1.1683538597289633,3.0610871124898806,1,1
342,"Moscow City,Russia",2,12.049430396128905,90.96950763785767,2,2
343,"Mpumalanga,South Africa",9,10.515184737560672,27.549784012408942,9,9
344,"Murcia,Spain",132,160.6978579353368,460.62838779058194,132,132
345,"Nagano,Japan",4,4.673415438915853,12.244348449959523,4,4
346,"Nairobi County,Kenya",22,25.70378491403721,67.3439164747775,59,59
347,"Najaf,Iraq",8,9.346830877831707,24.488696899919045,8,8
348,"Nakhon Pathom,Thailand",2,15.287004621685904,119.25195210881712,2,2
349,"Nara Prefecture,Japan",8,15.821979328945675,81.05358584183769,8,8
350,"National Capital Region (NCR),Philippines",6,19.960420060601745,131.49630055877665,6,6
351,"Navarra,Spain",3,9.980210030300873,65.74815027938833,3,3
352,"Navarre,Spain",368,436.42936883137224,1183.0449463381956,368,368
353,"Nayarit,Mexico",107,131.48901144211314,384.1012099783363,107,107
354,"Nebraska,United States",66,90.06165164433975,315.16152730817,66,66
355,"Neuchatel,Switzerland",12,33.44569167008955,206.42771217563458,12,12
356,"Neuquen,Argentina",25,29.208846493224105,76.52717781224715,25,25
357,"Nevada,United States",233,291.65189467019076,882.9279640358995,233,233
358,"New Hampshire,United States",94,109.82526281452259,287.7421885740491,94,94
359,"New Jersey,United States",3722,4361.56336281343,11506.496010571183,3722,3722
360,"New Mexico,United States",91,112.79534968644977,335.123816178498,91,91
361,"New South Wales,Australia",258,301.4352958100729,789.7604750223908,258,258
362,"New York,United States",4150,5039.685397183048,14372.175740619587,4150,4150
363,"Newfoundland and Labrador,Canada",4,4.673415438915853,12.244348449959523,4,4
364,"Nidwalden,Switzerland",4,30.57400924337181,238.50390421763424,4,4
365,"Ningxia Hui,China",84,98.1417242172329,257.1313174491499,84,84
366,"Nonthaburi,Thailand",26,56.27779415740892,305.847820692411,26,26
367,"Noord-Brabant,Netherlands",4,20.86128656670082,153.6565708047562,4,4
368,"Noord-Holland,Netherlands",3,35.880803834756804,292.00770604706304,3,3
369,"Nordland,Norway",2,2.3367077194579267,6.122174224979761,2,2
370,"Normandie,France",68,85.92321091268363,264.7188125912311,68,68
371,"Normandy,France",224,268.1864130304016,742.2484021396521,224,224
372,"Norrbotten,Sweden",9,10.515184737560672,27.549784012408942,9,9
373,"Norte,Portugal",1003,1171.858921308151,3070.2703738273544,1003,1003
374,"North Brabant,Netherlands",1080,1268.297316958396,3362.5389704310023,1080,1080
375,"North Carolina,United States",330,398.5070706127852,1123.2885250054967,330,330
376,"North Caucasian,Russia",4,4.673415438915853,12.244348449959523,4,4
377,"North Chungcheong,South Korea",66,90.06165164433975,315.16152730817,66,66
378,"North Dakota,United States",32,37.38732351132683,97.95478759967618,32,32
379,"North Gyeongsang,South Korea",1014,1184.7108137651694,3103.9423320647434,1014,1014
380,"North Holland,Netherlands",569,684.2187915391231,1911.4532338325057,569,569
381,"North Jeolla,South Korea",8,9.346830877831707,24.488696899919045,8,8
382,"North Kazakhstan,Kazakhstan",1,1.1683538597289633,3.0610871124898806,1,1
383,"North Khorasan,Iran",6,7.010123158373782,18.36652267493932,6,6
384,"North Rhine-Westphalia,Germany",2092,2444.196274552992,6403.79423932884,2092,2092
385,"North West,South Africa",4,4.673415438915853,12.244348449959523,4,4
386,"North Western,Russia",13,15.188600176476529,39.79413246236851,13,13
387,"Northern Cape,South Africa",2,2.3367077194579267,6.122174224979761,2,2
388,"Northern Ireland,United Kingdom",248,289.751757212783,759.149603897492,248,248
389,"Northern Region,Denmark",13,15.188600176476529,39.79413246236851,13,13
390,"Nouvelle-Aquitaine,France",331,386.7251275702871,1013.219834234152,331,331
391,"Nova Scotia,Canada",13,15.188600176476529,39.79413246236851,13,13
392,"Nuble,Chile",244,285.0783417738672,746.905255447532,244,244
393,"Nuevo Leon,Mexico",736,859.908440760517,2252.9601147925528,736,736
394,"OHiggins,Chile",13,15.188600176476529,39.79413246236851,13,13
395,"Oaxaca,Mexico",252,300.90032110281237,827.9588412893689,252,252
396,"Obwalden,Switzerland",1,33.5440961152989,285.8855318220832,1,1
397,"Occitanie,France",363,424.11245108161387,1111.1746218338287,363,363
398,"Ogun,Nigeria",54,63.09110842536403,165.29870407445375,175,175
399,"Ohio,United States",479,562.879073035731,1494.5431713536177,479,479
400,"Okinawa,Japan",2,2.3367077194579267,6.122174224979761,2,2
401,"Oklahoma,United States",84,104.61687266834704,313.6962063910688,84,84
402,"Ondo,Nigeria",9,10.515184737560672,27.549784012408942,20,20
403,"Ontario,Canada",303,366.96151640010316,1040.63917296827,303,303
404,"Opole,Poland",9,10.515184737560672,27.549784012408942,9,9
405,"Orebro,Sweden",15,17.525307895934443,45.91630668734824,15,15
406,"Oregon,United States",206,240.68089510416647,630.5839451729166,206,206
407,"Orellana,Ecuador",1,1.1683538597289633,3.0610871124898806,1,1
408,"Oromia,Ethiopia",3,3.505061579186891,9.18326133746966,3,3
409,"Osaka,Japan",64,94.20009237599544,365.6042420251079,64,64
410,"Oslo,Norway",212,254.16616671365387,705.515356789774,212,212
411,"Osrednjeslovenska,Slovenia",1,1.1683538597289633,3.0610871124898806,1,1
412,"Ostergotland,Sweden",69,80.61641632129849,211.21501076180223,69,69
413,"Osun,Nigeria",36,42.06073895024269,110.19913604963577,44,44
414,"Overijssel,Netherlands",221,264.6813514512146,733.0651408021828,221,221
415,"Oyo,Nigeria",22,25.70378491403721,67.3439164747775,142,142
416,"Pais Vasco,Spain",147,178.22316583127127,506.54469447793105,147,147
417,"Para,Brazil",6,7.010123158373782,18.36652267493932,6,6
418,"Pavlodar,Kazakhstan",1,1.1683538597289633,3.0610871124898806,1,1
419,"Pays de la Loire,France",144,168.24295580097075,440.7965441985431,144,144
420,"Peloponnese, Western Greece and the Ionian Islands,Greece",13,15.188600176476529,39.79413246236851,13,13
421,"Pennsylvania,United States",598,701.9131823434781,1858.8125377399163,598,598
422,"Pernambuco,Brazil",9,10.515184737560672,27.549784012408942,9,9
423,"Pichincha,Ecuador",4,4.673415438915853,12.244348449959523,4,4
424,"Piemonte,Italy",1,1.1683538597289633,3.0610871124898806,1,1
425,"Pleven,Bulgaria",2,2.3367077194579267,6.122174224979761,2,2
426,"Podlaskie,Poland",4,4.673415438915853,12.244348449959523,4,4
427,"Pomerania,Poland",11,12.851892457018605,33.67195823738875,11,11
428,"Ponce,Puerto Rico",1,1.1683538597289633,3.0610871124898806,1,1
429,"Porto,Portugal",5,5.841769298644816,15.305435562449414,5,5
430,"Prachuap Khiri Khan,Thailand",2,2.3367077194579267,6.122174224979761,2,2
431,"Primorje-Gorski Kotar,Croatia",3,3.505061579186891,9.18326133746966,3,3
432,"Prince Edward Island,Canada",1,1.1683538597289633,3.0610871124898806,1,1
433,"Principado de Asturias,Spain",6,13.485271609487748,74.93141161685786,6,6
434,"Provence-Alpes-Cote d'Azur,France",147,178.22316583127127,506.54469447793105,147,147
435,"Provence-Alpes-Cote d’Azur,France",684,805.6291885057266,2150.348473885005,684,684
436,"Province No.-3,Nepal",2,2.3367077194579267,6.122174224979761,2,2
437,"Puebla,Mexico",1387,1620.5068034440724,4245.727825023465,1387,1387
438,"Puglia,Italy",1,1.1683538597289633,3.0610871124898806,1,1
439,"Qazvin,Iran",222,259.37455685982997,679.5613389727546,222,222
440,"Qinghai,China",36,42.06073895024269,110.19913604963577,36,36
441,"Qom,Iran",772,924.6321992896607,2561.136362138907,772,772
442,"Quebec,Canada",69,83.85399054685533,239.49745523276104,69,69
443,"Queensland,Australia",70,81.78477018102748,214.27609787429213,70,70
444,"Queretaro,Mexico",346,404.25043546622146,1059.1361409215008,346,346
445,"Quintana Roo,Mexico",1095,1279.3474764032153,3351.890388176421,1095,1095
446,"Rajasthan,India",1011,1181.2057521859826,3094.7590707272784,3545,3447
447,"Razavi Khorasan,Iran",178,207.96698703175556,544.8735060231998,178,178
448,"Region de Murcia,Spain",4,11.148563890029832,68.80923739187814,4,4
449,"Republika Srpska,Bosnia and Herzegovina",1,1.1683538597289633,3.0610871124898806,1,1
450,"Rhineland-Palatinate,Germany",251,293.25681879197,768.3328652349613,251,251
451,"Rhode Island,United States",111,129.68727842991498,339.7806694863773,111,111
452,"Rio Grande Do Sul,Brazil",3,3.505061579186891,9.18326133746966,3,3
453,"Rio Grande do Norte,Brazil",17,19.862015615392384,52.038480912328055,17,17
454,"Rio Grande do Sul,Brazil",2,2.3367077194579267,6.122174224979761,2,2
455,"Rio Norte,Argentina",8,9.346830877831707,24.488696899919045,8,8
456,"Rio de Janeiro,Brazil",493,579.2360270719366,1537.3983909284766,493,493
457,"Rivers,Nigeria",13,15.188600176476529,39.79413246236851,53,53
458,"Rizal,Philippines",123,150.18267319777627,433.07860377817315,181,171
459,"Rogaland,Norway",52,60.754400705906114,159.17652984947404,52,52
460,"Saarland,Germany",17,19.862015615392384,52.038480912328055,17,17
461,"Sacatepequez,Guatemala",1,7.643502310842952,59.62597605440856,1,1
462,"Saint-Martin,France",4,4.673415438915853,12.244348449959523,4,4
463,"Saitama,Japan",12,20.495394767861523,93.29793429179716,12,12
464,"Salta,Argentina",3,6.742635804743874,37.46570580842893,3,3
465,"Salzburg,Austria",772,901.96917971076,2363.1592508421913,772,772
466,"San Luis Potosi,Mexico",314,366.86311195489446,961.1813533218241,314,314
467,"San Luis,Argentina",7,8.178477018102747,21.427609787429194,7,7
468,"Sankt Gallen,Switzerland",46,60.21942599864639,197.3748961164534,46,46
469,"Santa Catarina,Brazil",14,16.356954036205494,42.85521957485839,14,14
470,"Santa Cruz,Argentina",19,22.198723334850317,58.16065513730787,19,19
471,"Santa Elena,Ecuador",3,3.505061579186891,9.18326133746966,3,3
472,"Santa Fe,Argentina",120,143.4400373930324,395.6128979697457,120,120
473,"Santiago Metropolitan Region,Chile",1,7.643502310842952,59.62597605440856,1,1
474,"Santiago del Estero,Argentina",1,1.1683538597289633,3.0610871124898806,1,1
475,"Sao Paulo,Brazil",1251,1481.0361238742726,3999.1146445505915,1251,1251
476,"Saxony,Germany",87,101.64678579641983,266.3145787866199,87,87
477,"Saxony-Anhalt,Germany",24,28.040492633495127,73.46609069975727,24,24
478,"Schleswig-Holstein,Germany",83,100.21094458306077,282.3526748076195,83,83
479,"Schwyz,Switzerland",7,47.029367724786674,360.81694343894134,7,7
480,"Scotland,United Kingdom",982,1147.3234902538425,3005.98754446507,982,982
481,"Sejong,South Korea",58,93.66511766873576,403.80260829208754,58,58
482,"Selangor,Malaysia",4,17.623712341143825,125.37412633379675,4,4
483,"Semnan,Iran",120,140.20246316747554,367.3304534987859,120,120
484,"Seoul,South Korea",146,183.52996042265676,560.0484963073603,146,146
485,"Sergipe,Brazil",18,24.26794370067839,83.38201249577723,18,18
486,"Severno-Backi,Serbia",1,1.1683538597289633,3.0610871124898806,1,1
487,"Shaanxi,China",418,501.32221026893404,1392.6641909046068,418,418
488,"Shandong,China",766,894.9590565523858,2344.792728167251,766,766
489,"Shanghai,China",468,585.6404970598395,1771.978102296781,468,468
490,"Shanxi,China",186,217.31381790958727,569.3622029231185,186,186
491,"Shiga,Japan",2,2.3367077194579267,6.122174224979761,2,2
492,"Shizuoka,Japan",2,2.3367077194579267,6.122174224979761,2,2
493,"Shymkent,Kazakhstan",1,1.1683538597289633,3.0610871124898806,1,1
494,"Siauliai,Lithuania",1,1.1683538597289633,3.0610871124898806,1,1
495,"Siberian Federal District,Russia",1,1.1683538597289633,3.0610871124898806,1,1
496,"Sichuan,China",760,887.9489333940123,2326.4262054923115,760,760
497,"Sicily,Italy",4,4.673415438915853,12.244348449959523,4,4
498,"Sihanoukville,Cambodia",2,2.3367077194579267,6.122174224979761,2,2
499,"Silesia,Poland",31,36.218969651597874,94.8937004871865,31,31
500,"Sinaloa,Mexico",1050,1226.7715527154119,3214.141468114381,1050,1050
501,"Sindh,Pakistan",6,7.010123158373782,18.36652267493932,6,6
502,"Sistan and Baluchestan,Iran",38,44.397446669700635,116.32131027461574,38,38
503,"Skane,Sweden",18,21.030369475121343,55.099568024817884,18,18
504,"Sodermanland,Sweden",23,26.872138773766157,70.40500358726727,23,23
505,"Sonora,Mexico",330,385.55677371055793,1010.158747121661,330,330
506,"South Australia,Australia",40,46.734154389158526,122.44348449959531,40,40
507,"South Carolina,United States",248,289.751757212783,759.149603897492,248,248
508,"South Chungcheong,South Korea",132,160.6978579353368,460.62838779058194,132,132
509,"South Dakota,United States",37,43.22909280997167,113.26022316212574,37,37
510,"South Gyeongsang,South Korea",94,109.82526281452259,287.7421885740491,94,94
511,"South Holland,Netherlands",602,709.8241720079516,1899.339330660831,602,602
512,"South Jeolla,South Korea",12,33.44569167008955,206.42771217563458,12,12
513,"South Khorasan,Iran",30,35.050615791868886,91.83261337469648,30,30
514,"Southern Finland,Finland",6,7.010123158373782,18.36652267493932,6,6
515,"Southern Region,Denmark",28,32.71390807241099,85.71043914971678,28,28
516,"Southern,Russia",4,4.673415438915853,12.244348449959523,4,4
517,"Stockholm,Sweden",354,413.5972663440532,1083.6248378214182,354,354
518,"Styria,Austria",486,567.8199758282765,1487.688336670084,486,486
519,"Subcarpathia,Poland",11,12.851892457018605,33.67195823738875,11,11
520,"Tabasco,Mexico",851,994.2691346293483,2604.985132728893,851,851
521,"Tamaulipas,Mexico",285,332.9808500227546,872.4098270596165,285,285
522,"Tarapaca,Chile",10,11.683538597289632,30.61087112489883,10,10
523,"Tasmania,Australia",4,4.673415438915853,12.244348449959523,4,4
524,"Tehran,Iran",2704,3178.6542820604564,8446.874218998395,2704,2704
525,"Tel Aviv,Israel",6,19.960420060601745,131.49630055877665,6,6
526,"Telangana,India",192,224.32394106796102,587.7287255980582,1392,1323
527,"Tennessee,United States",590,692.5663514656464,1834.3238408399964,590,590
528,"Texas,United States",353,425.3792093865514,1193.6935285927661,353,353
529,"Thanh Hoa,Vietnam",2,2.3367077194579267,6.122174224979761,2,2
530,"Thanh pho Ho Chi Minh,Vietnam",2,2.3367077194579267,6.122174224979761,2,2
531,"Thessaly and Central Greece,Greece",1,1.1683538597289633,3.0610871124898806,1,1
532,"Thimphu,Bhutan",2,2.3367077194579267,6.122174224979761,2,2
533,"Thuringia,Germany",63,73.60629316292471,192.84848808686283,63,63
534,"Tianjin,China",112,130.85563228964395,342.8417565988671,112,112
535,"Tibet,China",4,4.673415438915853,12.244348449959523,4,4
536,"Ticino,Switzerland",176,205.6302793122977,538.75133179822,176,176
537,"Tierra del Fuego,Argentina",39,45.565800529429595,119.38239738710539,39,39
538,"Timis,Romania",7,8.178477018102747,21.427609787429194,7,7
539,"Tlaxcala,Mexico",184,214.97711019012925,563.2400286981382,184,184
540,"Tokyo,Japan",112,163.23137454521387,625.6662013084605,112,112
541,"Toscana,Italy",2,2.3367077194579267,6.122174224979761,2,2
542,"Transbaikalia,Russia",1,1.1683538597289633,3.0610871124898806,1,1
543,"Trentino-Alto Adige,Italy",1,7.643502310842952,59.62597605440856,1,1
544,"Troms and Finnmark,Norway",1,7.643502310842952,59.62597605440856,1,1
545,"Troms og Finnmark,Norway",22,25.70378491403721,67.3439164747775,22,22
546,"Troms,Norway",1,7.643502310842952,59.62597605440856,1,1
547,"Trondelag,Norway",36,42.06073895024269,110.19913604963577,36,36
548,"Tucuman,Argentina",16,18.693661755663413,48.97739379983809,16,16
549,"Tyrol,Austria",703,821.3527633894616,2151.944240080389,703,703
550,"Tyumen,Russia",1,1.1683538597289633,3.0610871124898806,1,1
551,"Ulsan,South Korea",88,109.2902881072629,325.94055484102876,88,88
552,"Upper Austria,Austria",707,826.0261788283769,2164.188588530345,707,707
553,"Uppsala,Sweden",22,25.70378491403721,67.3439164747775,22,22
554,"Ural,Russia",10,11.683538597289632,30.61087112489883,10,10
555,"Usti nad Labem,Czech Republic",1,1.1683538597289633,3.0610871124898806,1,1
556,"Utah,United States",240,286.8800747860648,791.2257959394914,240,240
557,"Utrecht,Netherlands",305,388.7236694729039,1216.456014019009,305,305
558,"Uttar Pradesh,India",522,609.8807147785188,1597.8874727197192,1661,1661
559,"Valais,Switzerland",10,11.683538597289632,30.61087112489883,10,10
560,"Valencian Community,Spain",788,920.6628414664233,2412.136644642028,788,788
561,"Valparaiso,Chile",108,126.18221685072805,330.5974081489075,108,108
562,"Varmland,Sweden",6,7.010123158373782,18.36652267493932,6,6
563,"Vasterbotten,Sweden",3,3.505061579186891,9.18326133746966,3,3
564,"Vasternorrland,Sweden",2,2.3367077194579267,6.122174224979761,2,2
565,"Vastmanland,Sweden",4,4.673415438915853,12.244348449959523,4,4
566,"Vastra Gotaland,Sweden",42,49.07086210861645,128.56565872457494,42,42
567,"Vaud,Switzerland",56,78.37811304705006,284.55065618327086,56,56
568,"Veneto,Italy",98,114.4986782534384,299.9865370240085,98,98
569,"Veracruz,Mexico",395,464.7373488184984,1237.411853904466,395,395
570,"Vermont,United States",59,68.93287772400886,180.6041396369032,59,59
571,"Vestfold og Telemark,Norway",15,17.525307895934443,45.91630668734824,15,15
572,"Vestland,Norway",82,95.80501649777499,251.00914322417063,82,82
573,"Victoria,Australia",112,163.23137454521387,625.6662013084605,112,112
574,"Vienna,Austria",476,562.6115856821012,1513.642354487104,476,476
575,"Viken,Norway",167,195.115094574737,511.2015477858106,167,167
576,"Vinh Phuc,Vietnam",22,25.70378491403721,67.3439164747775,22,22
577,"Virginia,United States",218,257.9387156464709,695.5994349937539,218,218
578,"Volga,Russia",18,21.030369475121343,55.099568024817884,18,18
579,"Vorarlberg,Austria",323,377.3782966924552,988.7311373342318,323,323
580,"Wakayama Prefecture,Japan",20,23.367077194579263,61.22174224979766,20,20
581,"Wales,United Kingdom",820,958.0501649777505,2510.091432241704,820,820
582,"Wallonia,Belgium",454,530.4326523169495,1389.7335490704088,454,454
583,"Warmia-Masuria,Poland",8,9.346830877831707,24.488696899919045,8,8
584,"Washington,United States",2312,2714.184420595595,7190.363181960458,2312,2312
585,"West Azarbaijan,Iran",20,23.367077194579263,61.22174224979766,20,20
586,"West Kazakhstan,Kazakhstan",2,2.3367077194579267,6.122174224979761,2,2
587,"West Pomerania,Poland",7,8.178477018102747,21.427609787429194,7,7
588,"West Virginia,United States",13,15.188600176476529,39.79413246236851,13,13
589,"Western Australia,Australia",8,9.346830877831707,24.488696899919045,8,8
590,"Western Cape,South Africa",131,156.291929850051,429.28485620713366,131,131
591,"Wilayah Persekutuan Kuala Lumpur,Malaysia",12,20.495394767861523,93.29793429179716,12,12
592,"Wisconsin,United States",325,389.42772708858456,1079.7006449720925,325,325
593,"Wyoming,United States",24,28.040492633495127,73.46609069975727,24,24
594,"Xinjiang,China",94,109.82526281452259,287.7421885740491,94,94
595,"Yamaguchi,Japan",4,4.673415438915853,12.244348449959523,4,4
596,"Yamanashi,Japan",2,2.3367077194579267,6.122174224979761,2,2
597,"Yazd,Iran",14,16.356954036205494,42.85521957485839,14,14
598,"Yucatan,Mexico",598,698.6756081179204,1830.5300932689502,598,598
599,"Yunnan,China",274,349.2671255957483,1093.279869060862,274,274
600,"Zacatecas,Mexico",82,95.80501649777499,251.00914322417063,82,82
601,"Zagreb City,Croatia",3,3.505061579186891,9.18326133746966,3,3
602,"Zanjan,Iran",30,35.050615791868886,91.83261337469648,30,30
603,"Zealand,Denmark",41,47.90250824888749,125.50457161208531,41,41
604,"Zeeland,Netherlands",56,65.42781614482197,171.42087829943355,56,56
605,"Zhejiang,China",2304,2698.3624412666404,7109.309596118592,2304,2304
606,"Zug,Switzerland",21,63.3863217609922,403.6721630137999,21,21
607,"Zuid-Holland,Netherlands",2,31.47487574947084,260.6641744636134,2,2
608,"Zurich,Switzerland",59,91.5958973029079,378.5812509336191,59,59
